2268.0,1841.0,423,0,5,277,37,17,14,0,0,0,0,0,0,0,0,0,2,0,1.61094527363,1.92093383085,1.68938905473,4.35224586288,0.0,619,1.463356974,51.0,0.120567375887,119.0,0.281323877069,73.0,0.172576832151,0.66,0.63829787234,0,0,0,0,3,0,0.00719424460432,0,0,0,35,0.0406976744186,0.0218023255814,0.9375,-0.930921985816,83.035,1.67761229314,9.83472813239,0,4.82269503546,0,3.65553758865,28.1323877069,0,0.0
3552.0,2864.0,668,0,21,273,111,40,38,0,0,0,0,0,0,0,0,0,6,0,1.49737991266,1.90818427948,1.69604039301,4.2874251497,0.0,938,1.40419161677,56.0,0.0838323353293,179.0,0.267964071856,90.0,0.134730538922,0.52,0.329341317365,0,0,2,5,9,0,0.00729927007299,0,0,0,109,0.0713141025641,0.0677083333333,0.860977564103,-1.23622754491,88.0403892216,0.979461077844,9.45293413174,0,3.35329341317,0,3.64973712575,26.7964071856,0,0.0
5143.0,4120.0,1012,0,12,421,165,61,54,5,0,0,0,0,0,0,0,0,4,0,1.60030165913,1.88464434389,1.71416757164,4.07114624506,0.0,1354,1.33794466403,72.0,0.0711462450593,218.0,0.215415019763,141.0,0.139328063241,0.49,0.384387351779,1,0,2,4,2,0,0.00473933649289,0,0,0,143,0.065119760479,0.0758483033932,0.859031936128,-2.25490118577,93.6448814229,0.197747035573,8.1790513834,0,2.84584980237,0,3.64773399209,21.5415019763,0,0.0
3979.0,3268.0,691,0,21,390,74,30,39,1,0,0,0,0,0,0,0,0,1,0,1.61586206897,1.85368965517,1.77746275862,4.72937771346,0.0,1157,1.67438494935,129.0,0.186685962373,229.0,0.331403762663,147.0,0.212735166425,0.54,0.697539797395,0,0,1,3,3,0,0.00511508951407,0,0,0,64,0.0492902208202,0.022476340694,0.928233438486,0.845369030391,65.1820332851,4.16774240232,12.0560347323,0,7.46743849493,0,3.66597771346,33.1403762663,0,0.0
6602.0,5320.0,1263,0,20,625,173,64,67,3,0,0,0,0,0,0,0,0,1,0,1.53018867925,1.83234669811,1.70912783019,4.21219319082,0.0,1792,1.41884402217,144.0,0.114014251781,302.0,0.239113222486,196.0,0.155186064925,0.47,0.546318289786,0,0,1,16,6,0,0.00319488817891,0,0,0,125,0.0575044404973,0.0581705150977,0.884325044405,-1.59057007126,86.8007957245,1.1523594616,9.0098178939,0,4.56057007126,0,3.65450285036,23.9113222486,0,0.0
2840.0,2255.0,548,0,38,221,124,57,10,0,0,0,0,0,0,0,0,0,1,0,1.5065,2.04756275,1.7012475,4.11496350365,0.0,642,1.17153284672,26.0,0.0474452554745,119.0,0.217153284672,67.0,0.122262773723,0.26,0.363138686131,0,0,0,9,5,0,0.00900900900901,0,0,0,113,0.0656130268199,0.0268199233716,0.907567049808,-2.04852189781,107.723321168,-1.76591240876,8.4371350365,0,1.89781021898,0,3.64399160584,21.7153284672,0,0.0
4.0,4.0,1,0,0,1,0,0,0,0,0,0,0,0,0,0,0,0,0,0,0,0,0,4.0,0.0,2,2.0,0.0,0.0,0.0,0.0,0.0,0.0,1.00,1.0,0,0,0,0,0,0,0.0,0,0,0,0,0,0,0,-2.59,37.635,8.01,7.76,0,0.0,0,3.6365,0.0,0,0.0
2526.0,2062.0,457,0,8,215,63,33,25,2,0,0,0,0,0,0,0,0,3,0,1.53729372937,1.92605544554,1.68490594059,4.51203501094,0.0,698,1.52735229759,51.0,0.111597374179,120.0,0.262582056893,80.0,0.175054704595,0.68,0.527352297593,0,0,1,2,6,0,0.00925925925926,0,0,0,51,0.0598249027237,0.0510700389105,0.889105058366,-0.178315098468,77.6209956236,2.4327571116,10.7758862144,0,4.46389496718,0,3.65412122538,26.2582056893,0,0.0
2347.0,1944.0,398,0,6,221,54,17,24,0,0,0,0,0,0,0,0,0,1,0,1.65865384615,1.85173317308,1.73145961538,4.88442211055,0.0,640,1.60804020101,61.0,0.153266331658,141.0,0.354271356784,99.0,0.248743718593,0.68,0.640703517588,0,0,2,4,2,0,0.00900900900901,0,0,0,40,0.0454545454545,0.0710227272727,0.883522727273,1.5756281407,70.794798995,3.38487437186,12.9692462312,0,6.13065326633,0,3.66070075377,35.4271356784,0,0.0
4768.0,3800.0,943,0,26,381,163,57,67,3,0,0,0,0,0,0,0,0,2,0,1.53755656109,1.87832292609,1.70044962293,4.02969247084,0.0,1253,1.32873806999,74.0,0.0784729586426,204.0,0.216330858961,128.0,0.135737009544,0.48,0.374337221633,0,0,0,10,2,0,0.00523560209424,0,0,0,140,0.063512145749,0.0733805668016,0.863107287449,-2.45014846235,94.4237592789,0.0891092258749,7.93488865323,0,3.13891834571,0,3.64889088017,21.6330858961,0,0.0
2037.0,1674.0,364,0,0,191,53,16,28,1,0,0,0,0,0,0,0,0,1,0,1.48695652174,1.86159082126,1.72632077295,4.5989010989,0.0,549,1.50824175824,44.0,0.120879120879,118.0,0.324175824176,76.0,0.208791208791,0.60,0.601648351648,0,0,0,2,2,0,0.0104166666667,0,0,0,48,0.0466216216216,0.0351351351351,0.918243243243,0.230824175824,79.2377472527,2.20725274725,11.2875274725,0,4.83516483516,0,3.65558681319,32.4175824176,0,0.0
444.0,365.0,80,0,0,39,8,7,1,0,0,0,0,0,0,0,0,0,0,0,1.66666666667,1.94376111111,1.72973888889,4.5625,0.0,121,1.5125,9.0,0.1125,25.0,0.3125,19.0,0.2375,0.74,0.5125,0,0,0,5,0,0,0.05,0,0,0,8,0.110465116279,0.0145348837209,0.875,0.059375,78.8775,2.2575,11.073125,0,4.5,0,3.65426375,31.25,0,0.0
3445.0,2772.0,658,0,16,392,55,27,47,2,0,0,0,0,0,0,0,0,3,0,1.58175438596,1.86092736842,1.70848350877,4.21276595745,0.0,975,1.48176291793,78.0,0.118541033435,152.0,0.231003039514,100.0,0.151975683891,0.68,0.633738601824,0,0,2,6,4,0,0.00508905852417,0,0,0,39,0.0747330960854,0.057384341637,0.867882562278,-1.58787234043,81.4778571429,1.89480243161,9.01319148936,0,4.74164133739,0,3.65521762918,23.1003039514,0,0.0
5886.0,4775.0,1087,0,25,657,123,48,66,5,0,0,0,0,0,0,0,0,4,0,1.58735177866,1.85848913043,1.6988458498,4.39282428703,0.0,1651,1.51885924563,111.0,0.102115915363,304.0,0.279668813247,194.0,0.178472861086,0.54,0.611775528979,2,0,4,7,7,0,0.00303951367781,0,0,0,93,0.0503393665158,0.0769230769231,0.872737556561,-0.739797608096,78.3395078197,2.33253909844,10.0737350506,0,4.08463661454,0,3.65262410304,27.9668813247,0,0.0
4217.0,3374.0,827,0,17,431,107,55,51,0,0,0,0,0,0,0,0,0,2,0,1.60916666667,1.84231354167,1.72166458333,4.07980652963,0.0,1138,1.37605804111,60.0,0.0725513905683,177.0,0.214026602177,107.0,0.12938331318,0.54,0.507859733978,0,0,2,10,2,0,0.00462962962963,0,0,0,87,0.0542873051225,0.0626391982183,0.883073496659,-2.21411124547,90.4204897219,0.647484885127,8.23006045949,0,2.90205562273,0,3.64795586457,21.4026602177,0,0.0
5890.0,4916.0,971,0,3,513,74,24,37,2,0,0,0,0,0,0,0,0,5,0,1.57761557178,1.7706783455,1.7014323601,5.06282183316,0.0,1802,1.85581874356,241.0,0.248197734295,314.0,0.323377960865,268.0,0.276004119464,0.32,0.685890834192,0,0,2,4,4,0,0.00389105058366,0,0,0,55,0.0262968299712,0.032060518732,0.941642651297,2.41589083419,49.8327342945,6.30866117405,14.0200205973,0,9.92790937178,0,3.67569042225,32.3377960865,0,0.0
977.0,821.0,156,0,0,64,24,9,13,0,0,0,0,0,0,0,0,0,0,0,1.65,1.85853416667,1.87662333333,5.26282051282,0.0,264,1.69230769231,19.0,0.121794871795,63.0,0.403846153846,50.0,0.320512820513,0.37,0.5,0,0,0,0,0,0,0.0307692307692,0,0,0,24,0.0792682926829,0.0350609756098,0.885670731707,3.35788461538,63.6657692308,4.37923076923,15.1980128205,0,4.87179487179,0,3.65573141026,40.3846153846,0,0.0
7116.0,5663.0,1409,0,44,599,235,69,102,1,0,0,0,0,0,0,0,0,10,0,1.51042944785,1.91882126789,1.69691543967,4.01916252661,0.0,1827,1.29666430092,81.0,0.0574875798439,280.0,0.198722498226,174.0,0.123491838183,0.40,0.327892122072,0,0,2,14,12,0,0.00333333333333,0,0,0,225,0.0698263386397,0.0685600578871,0.861613603473,-2.49974449965,97.1372001419,-0.289361249113,7.87286728176,0,2.29950319375,0,3.64557728886,19.8722498226,0,0.0
953.0,759.0,194,0,0,108,24,6,14,0,0,0,0,0,0,0,0,0,4,0,1.412,1.895764,1.708863,3.91237113402,0.0,270,1.39175257732,18.0,0.0927835051546,37.0,0.190721649485,22.0,0.113402061856,0.69,0.556701030928,0,0,0,2,8,0,0.0183486238532,0,0,0,23,0.0588942307692,0.0528846153846,0.888221153846,-3.00273195876,89.0927319588,0.832680412371,7.24386597938,0,3.71134020619,0,3.65115051546,19.0721649485,0,0.0
1451.0,1179.0,266,0,6,173,32,8,9,1,0,0,0,0,0,0,0,0,4,0,1.69457364341,1.98307674419,1.74987674419,4.43233082707,0.0,355,1.33458646617,24.0,0.0902255639098,69.0,0.259398496241,46.0,0.172932330827,0.67,0.642857142857,0,0,0,4,0,0,0.0114942528736,0,0,0,29,0.0568181818182,0.0215909090909,0.921590909091,-0.553721804511,93.9289849624,0.158120300752,10.3064285714,0,3.60902255639,0,3.65074661654,25.9398496241,0,0.0
5935.0,4789.0,1133,0,13,581,171,59,71,4,0,0,0,0,0,0,0,0,15,0,1.65410628019,1.88287890499,1.75832818035,4.22683142101,0.0,1589,1.40247131509,107.0,0.0944395410415,259.0,0.228596646072,167.0,0.147396293027,0.50,0.546337157988,0,0,5,32,17,0,0.00343642611684,0,0,0,133,0.051824212272,0.0439469320066,0.904228855721,-1.52162400706,88.1859267432,0.959161518094,9.09603706973,0,3.77758164166,0,3.65141200353,22.8596646072,0,0.0
2063.0,1670.0,388,0,5,181,64,18,29,1,0,0,0,0,0,0,0,0,1,0,1.57322175732,1.88488535565,1.69812970711,4.30412371134,0.0,567,1.46134020619,45.0,0.115979381443,96.0,0.247422680412,68.0,0.175257731959,0.66,0.479381443299,1,0,3,7,1,0,0.010989010989,0,0,0,51,0.0637019230769,0.0637019230769,0.872596153846,-1.15757731959,83.2056185567,1.65381443299,9.55128865979,0,4.63917525773,0,3.65481314433,24.7422680412,0,0.0
107.0,88.0,19,0,0,5,2,3,1,0,0,0,0,0,0,0,0,0,0,0,1.68571428571,1.97175714286,1.58628571429,4.63157894737,0.0,29,1.52631578947,3.0,0.157894736842,5.0,0.263157894737,3.0,0.157894736842,0.89,0.421052631579,0,0,0,0,1,0,0.333333333333,0,0,0,2,0.222222222222,0.0,0.777777777778,0.384736842105,77.7086842105,2.42052631579,11.48,0,6.31578947368,0,3.66143157895,26.3157894737,0,0.0
5190.0,4122.0,1033,1,35,495,156,38,80,1,0,0,0,0,1,0,0,0,1,0,1.49811320755,1.88896268344,1.6846475891,3.99031945789,1033.0,1393,1.34849951597,73.0,0.0706679574056,231.0,0.223620522749,133.0,0.128751210068,0.49,1.39980638916,1,0,1,4,7,0,0.00403225806452,0,6,0,148,0.0703551912568,0.0597677595628,0.86987704918,513.864404647,-955.743059051,403.192294288,-30982.2970184,589.5,416.026718296,51.9388255678,54.8844584705,1055.36205227,133.0,1393.0
4138.0,3306.0,821,0,11,484,107,37,32,2,0,0,0,0,0,0,0,0,7,0,1.53011494253,1.8853616092,1.73870988506,4.02679658952,0.0,1108,1.34957369062,65.0,0.0791717417783,167.0,0.20341047503,113.0,0.137637028015,0.48,0.57856272838,1,0,6,95,9,0,0.00412371134021,0,0,0,94,0.0550632911392,0.0655063291139,0.879430379747,-2.46378806334,92.6610657734,0.33496954933,7.9178319123,0,3.16686967113,0,3.64900121803,20.341047503,0,0.0
20.0,14.0,5,1,1,2,1,1,1,0,0,0,0,0,0,0,0,0,1,0,1.1,1.778475,1.597525,2.8,5.0,5,1.0,0.0,0.0,0.0,0.0,0.0,0.0,1.00,1.2,0,0,0,0,0,0,0.333333333333,0,1,0,1,0.0,0.208333333333,0.791666666667,-5.742,117.16,-1.84,-149.308,1.5,2.0,3.1291,3.8845,5.0,0.0,5.0
1735.0,1394.0,338,0,3,237,24,13,18,0,0,0,0,0,0,0,0,0,2,0,1.39120879121,1.87251978022,1.71361538462,4.12426035503,0.0,465,1.37573964497,31.0,0.0917159763314,77.0,0.227810650888,48.0,0.14201183432,0.66,0.748520710059,0,0,0,5,6,0,0.00840336134454,0,0,0,21,0.0659340659341,0.0398351648352,0.894230769231,-2.00473372781,90.4474260355,0.643727810651,8.49189349112,0,3.66863905325,0,3.65098195266,22.7810650888,0,0.0
830.0,656.0,169,0,5,76,25,7,13,1,0,0,0,0,0,0,0,0,0,0,1.48301886792,1.85363679245,1.63966698113,3.88165680473,0.0,222,1.31360946746,12.0,0.0710059171598,35.0,0.207100591716,23.0,0.136094674556,0.73,0.455621301775,0,0,1,2,0,0,0.025974025974,0,0,0,18,0.0476804123711,0.0515463917526,0.900773195876,-3.1473964497,95.7036390533,-0.0894082840237,7.06295857988,0,2.84023668639,0,3.64771183432,20.7100591716,0,0.0
3047.0,2470.0,571,0,6,378,53,12,25,1,1,0,0,0,0,0,0,0,2,0,1.75242290749,1.92141497797,1.69679603524,4.32574430823,0.0,803,1.40630472855,60.0,0.105078809107,148.0,0.259194395797,99.0,0.173380035026,0.66,0.712784588441,0,0,1,10,4,0,0.00527704485488,0,0,0,40,0.0475917431193,0.0338302752294,0.918577981651,-1.05574430823,87.861619965,1.00439579685,9.67863397548,0,4.20315236427,0,3.65309194396,25.9194395797,0,0.0
27.0,20.0,6,0,0,3,1,0,0,0,0,0,0,0,0,0,0,0,0,0,1.8,1.89583333333,1.70761666667,3.33333333333,0.0,6,1.0,0.0,0.0,0.0,0.0,0.0,0.0,1.00,0.333333333333,0,0,0,0,0,0,0.0,0,0,0,1,0.0,0.1,0.9,-5.73,122.235,-3.79,3.83333333333,0,0.0,0,3.6365,0.0,0,0.0
616.0,498.0,114,0,4,56,13,7,2,0,0,0,0,0,0,0,0,0,0,0,1.63448275862,1.93865862069,1.62085172414,4.36842105263,0.0,167,1.4649122807,13.0,0.114035087719,30.0,0.263157894737,18.0,0.157894736842,0.90,0.535087719298,0,0,0,0,1,0,0.0350877192982,0,0,0,12,0.0762195121951,0.0518292682927,0.871951219512,-0.854736842105,82.9034210526,1.69596491228,9.93,0,4.56140350877,0,3.65450614035,26.3157894737,0,0.0
117.0,94.0,23,0,0,13,3,1,1,0,0,0,0,0,0,0,0,0,1,0,1.26666666667,1.77220833333,1.73779166667,4.08695652174,0.0,31,1.34782608696,2.0,0.0869565217391,5.0,0.217391304348,2.0,0.0869565217391,0.91,0.565217391304,0,0,0,0,0,0,0.142857142857,0,0,0,3,0.0909090909091,0.0795454545455,0.829545454545,-2.18043478261,92.8089130435,0.314347826087,8.27217391304,0,3.47826086957,0,3.65023043478,21.7391304348,0,0.0
3230.0,2600.0,617,0,13,349,94,24,30,0,0,0,0,0,0,0,0,0,2,0,1.53333333333,1.92280157233,1.70908993711,4.21393841167,0.0,879,1.42463533225,53.0,0.0858995137763,138.0,0.223662884927,96.0,0.155591572123,0.64,0.547811993517,0,0,1,6,8,0,0.00571428571429,0,0,0,83,0.0637065637066,0.0487451737452,0.887548262548,-1.58235008104,86.3108508914,1.22069692058,9.02009724473,0,3.43598055105,0,3.65006353323,22.3662884927,0,0.0
278.0,216.0,58,0,4,30,13,2,1,0,0,0,0,0,0,0,0,0,0,0,1.70303030303,1.88468181818,1.88369090909,3.72413793103,0.0,69,1.18965517241,2.0,0.0344827586207,13.0,0.224137931034,3.0,0.051724137931,0.78,0.396551724138,0,0,0,3,0,0,0.0645161290323,0,0,0,14,0.0267857142857,0.0491071428571,0.924107142857,-3.88931034483,106.190172414,-1.55206896552,6.13517241379,0,1.37931034483,0,3.64194482759,22.4137931034,0,0.0
2249.0,1780.0,412,20,57,149,61,20,25,0,0,0,0,0,1,0,0,0,0,0,1.50434782609,1.87965248447,1.65879409938,4.32038834951,20.6,605,1.46844660194,46.0,0.111650485437,113.0,0.27427184466,72.0,0.174757281553,0.58,0.438349514563,0,0,1,0,1,0,0.0133333333333,0,8,0,50,0.07125,0.029375,0.899375,9.21902912621,61.6954174757,9.77166990291,-608.352912621,12.6,12.7060194175,11.792908689,4.67588961165,48.027184466,3.6,30.25
272.0,205.0,49,1,17,29,8,3,0,1,0,0,0,0,0,0,0,0,0,0,1.42727272727,1.81405454545,1.53352272727,4.18367346939,49.0,67,1.36734693878,6.0,0.122448979592,15.0,0.30612244898,11.0,0.224489795918,0.90,1.73469387755,0,0,0,0,0,0,0.0,0,0,0,7,0.09375,0.08125,0.825,22.7751020408,41.4224489796,19.6546938776,-1461.15816327,30.5,24.4979591837,17.1224134032,6.08623469388,79.612244898,11.0,67.0
2315.0,1853.0,398,19,64,174,55,25,17,1,0,0,0,0,2,0,1,0,0,0,1.605,1.83308678571,1.6610775,4.65577889447,20.9473684211,607,1.52512562814,58.0,0.145728643216,131.0,0.329145728643,95.0,0.238693467337,0.70,0.605395398043,1,0,3,1,3,0,0.0114285714286,0,3,0,40,0.0747607655502,0.0472488038278,0.877990430622,10.9724028035,56.5477929119,10.5759560963,-616.798514943,13.5263157895,14.2080930971,13.1102856167,4.69850002645,53.8619412854,5.0,31.9473684211
354.0,266.0,67,4,22,31,9,0,2,1,0,0,0,0,0,0,0,0,0,0,1.46153846154,1.90580192308,1.60577884615,3.97014925373,16.75,82,1.22388059701,5.0,0.0746268656716,15.0,0.223880597015,6.0,0.089552238806,0.84,0.727611940299,0,0,0,0,0,0,0.03125,0,0,0,8,0.0967741935484,0.0241935483871,0.879032258065,5.64440298507,86.2934514925,5.38429104478,-494.915820896,8.625,9.68507462687,9.51614450431,4.47908358209,39.1380597015,1.5,20.5
850.0,663.0,156,11,30,66,22,7,5,1,0,0,0,0,0,0,0,0,3,0,1.46,1.7854,1.69175636364,4.25,14.1818181818,225,1.44230769231,16.0,0.102564102564,45.0,0.288461538462,31.0,0.198717948718,0.68,0.635780885781,0,0,0,0,3,0,0.0298507462687,0,2,0,21,0.0821428571429,0.0517857142857,0.866071428571,5.67840909091,70.4212237762,6.96013986014,-416.222045455,7.54545454545,9.77529137529,10.0189312422,4.35611305361,43.027972028,2.81818181818,20.4545454545
453.0,350.0,80,6,22,41,8,2,0,0,0,0,0,0,0,0,0,0,0,0,1.67234042553,2.00324680851,1.73183404255,4.375,13.3333333333,113,1.4125,7.0,0.0875,27.0,0.3375,21.0,0.2625,0.82,0.754166666667,0,0,1,0,0,0,0.0238095238095,0,0,0,8,0.0208333333333,0.00694444444444,0.972222222222,5.84291666667,73.8041666667,6.2775,-390.03125,6.83333333333,8.83333333333,9.29957121377,4.31164958333,47.0833333333,3.5,18.8333333333
1091.0,826.0,201,25,63,91,28,14,6,4,0,0,0,0,0,0,0,0,2,0,1.41344537815,1.95422016807,1.62013697479,4.10945273632,8.04,274,1.3631840796,19.0,0.0945273631841,54.0,0.268656716418,38.0,0.189054726368,0.74,0.497711442786,0,0,3,0,1,0,0.0217391304348,0,4,0,22,0.10632183908,0.0775862068966,0.816091954023,1.94552238806,83.3490268657,3.6311721393,-232.795323383,3.78,6.99709452736,8.10935674037,4.05020987065,34.9056716418,1.52,10.96
2715.0,1965.0,435,60,313,251,39,16,17,2,0,0,0,0,0,0,0,0,1,0,1.65217391304,1.87448628763,1.63599598662,4.51724137931,7.25,641,1.47356321839,42.0,0.0965517241379,153.0,0.351724137931,123.0,0.28275862069,0.72,0.641954022989,0,0,1,0,2,0,0.00793650793651,0,0,0,22,0.0450980392157,0.028431372549,0.926470588235,3.47120689655,74.8128017241,4.62554597701,-206.693448276,3.325,6.76206896552,7.90872644984,4.01134551724,42.4224137931,2.05,10.6833333333
999.0,750.0,192,16,56,86,28,9,12,0,0,0,0,0,0,0,0,0,2,0,1.54962962963,1.87687185185,1.67181851852,3.90625,12.0,242,1.26041666667,9.0,0.046875,44.0,0.229166666667,27.0,0.140625,0.74,0.46875,0,0,1,0,0,0,0.0229885057471,0,9,0,21,0.0564516129032,0.0322580645161,0.911290322581,2.9684375,88.02375,3.96291666667,-352.7921875,5.5625,6.675,7.41365970608,4.2391015625,34.9166666667,1.6875,15.125
640.0,474.0,126,10,39,50,25,4,2,0,0,0,0,0,0,0,0,0,0,0,1.51020408163,1.90211122449,1.62253265306,3.7619047619,12.6,151,1.19841269841,4.0,0.031746031746,29.0,0.230158730159,19.0,0.150793650794,0.64,0.465079365079,0,0,0,0,0,0,0.0392156862745,0,2,0,23,0.041015625,0.052734375,0.90625,2.58857142857,92.6602857143,3.46526984127,-371.642380952,5.7,6.30984126984,6.74215798459,4.26647269841,35.6158730159,1.9,15.1
787.0,591.0,129,23,67,72,17,5,4,0,0,0,0,0,0,0,0,0,0,0,1.45301204819,1.87317710843,1.64198674699,4.58139534884,5.60869565217,195,1.51162790698,10.0,0.077519379845,42.0,0.325581395349,29.0,0.22480620155,0.74,0.570610043815,0,0,1,0,0,0,0.027397260274,0,0,0,14,0.0955882352941,0.0539215686275,0.850490196078,2.95271991911,73.2584529828,4.43460060667,-157.076450961,2.23913043478,5.34425345467,6.89597334305,3.92693161443,38.1668351871,1.26086956522,8.47826086957
2295.0,1840.0,401,25,55,165,63,17,11,0,0,0,0,0,0,0,1,0,1,0,1.466875,1.813879375,1.6381728125,4.5885286783,16.04,616,1.536159601,55.0,0.137157107232,129.0,0.321695760599,89.0,0.221945137157,0.58,0.531271820449,0,0,1,0,2,0,0.0120481927711,0,0,0,51,0.0703883495146,0.0728155339806,0.856796116505,8.20197007481,60.5952977556,8.79228329177,-469.973566085,10.22,11.9022842893,11.602472056,4.45374110723,48.2095760599,3.56,24.64
784.0,590.0,141,11,52,58,22,8,7,0,0,0,0,0,0,0,0,0,1,0,1.44615384615,1.80124230769,1.69449711538,4.18439716312,12.8181818182,193,1.36879432624,13.0,0.0921985815603,37.0,0.262411347518,25.0,0.177304964539,0.75,0.558994197292,0,0,1,0,2,0,0.0338983050847,0,2,0,22,0.0717213114754,0.0532786885246,0.875,4.68760154739,78.0245454545,5.56086395874,-375.699355255,6.59090909091,8.81521598968,9.33950995573,4.28683997421,39.05931657,2.27272727273,17.5454545455
350.0,264.0,74,0,10,36,10,3,3,0,0,0,0,0,0,0,0,0,0,0,1.62448979592,1.92702857143,1.65170408163,3.56756756757,0.0,79,1.06756756757,2.0,0.027027027027,10.0,0.135135135135,6.0,0.0810810810811,0.77,0.391891891892,0,0,0,0,1,0,0.0540540540541,0,0,0,10,0.0472972972973,0.0101351351351,0.942567567568,-4.62675675676,116.518783784,-2.9927027027,5.21297297297,0,1.08108108108,0,3.64076756757,13.5135135135,0,0.0
1465.0,1149.0,269,27,47,112,35,20,12,0,0,0,0,0,0,0,0,0,2,0,1.53571428571,1.90659897959,1.70609795918,4.27137546468,9.96296296296,377,1.40148698885,23.0,0.0855018587361,62.0,0.230483271375,42.0,0.156133828996,0.67,0.494286107669,0,0,1,0,1,0,0.0176991150442,0,1,0,30,0.0861111111111,0.0444444444444,0.869444444444,3.66965992014,78.1567933361,4.83310202396,-289.530487402,4.83333333333,7.40525953463,8.40172605876,4.14416370646,33.0112901005,1.55555555556,13.962962963
1338.0,1041.0,240,25,57,104,40,15,9,0,0,0,0,0,0,0,0,0,0,0,1.49195402299,1.83073850575,1.66824885057,4.3375,9.6,350,1.45833333333,25.0,0.104166666667,73.0,0.304166666667,61.0,0.254166666667,0.66,0.460833333333,0,0,0,0,3,0,0.0190476190476,0,3,0,23,0.0406976744186,0.046511627907,0.912790697674,3.799625,73.716,5.36233333333,-278.252125,4.8,8.00666666667,8.84184627478,4.12910791667,40.0166666667,2.44,14.0
750.0,574.0,142,4,32,58,23,5,8,1,0,0,0,0,0,0,0,0,0,0,1.58148148148,1.9167537037,1.70298703704,4.04225352113,35.5,194,1.3661971831,9.0,0.0633802816901,40.0,0.281690140845,26.0,0.183098591549,0.75,0.637323943662,0,0,0,0,1,0,0.0338983050847,0,6,0,13,0.0591216216216,0.0472972972973,0.893581081081,15.3590140845,55.2222183099,14.3761267606,-1056.99112676,20.0,16.7352112676,11.6982194122,5.40730774648,63.6690140845,6.5,48.5
786.0,597.0,156,8,33,56,23,9,6,0,0,0,0,0,1,0,0,0,1,0,1.63333333333,1.87103611111,1.69713981481,3.82692307692,19.5,199,1.27564102564,13.0,0.0833333333333,34.0,0.217948717949,19.0,0.121794871795,0.70,0.535256410256,0,0,0,0,0,0,0.0350877192982,0,2,0,21,0.0503048780488,0.0137195121951,0.935975609756,6.34480769231,79.1232692308,7.06756410256,-578.259423077,11.375,11.1333333333,10.4114511828,4.61685833333,41.2948717949,2.375,24.875
888.0,694.0,160,19,33,68,25,14,9,2,0,0,0,0,0,0,0,0,2,0,1.57913043478,1.83256347826,1.67273217391,4.3375,8.42105263158,232,1.45,12.0,0.075,44.0,0.275,30.0,0.1875,0.82,0.483881578947,1,0,1,0,0,0,0.0289855072464,0,1,0,23,0.0677710843373,0.0376506024096,0.894578313253,3.21015131579,75.6176315789,4.80421052632,-242.883703947,3.84210526316,6.36842105263,7.66913037319,4.06602671053,35.9210526316,1.57894736842,12.2105263158
1419.0,1096.0,263,29,59,124,42,9,11,3,0,0,0,0,0,0,0,0,1,0,1.52555555556,1.86135444444,1.677595,4.16730038023,9.06896551724,372,1.4144486692,21.0,0.0798479087452,72.0,0.273764258555,45.0,0.171102661597,0.69,0.517372492461,0,0,0,1,4,0,0.016,0,5,0,29,0.0917338709677,0.03125,0.877016129032,2.7324675495,77.9676425856,4.6373908483,-263.323566278,4.25862068966,6.82150255671,7.99043538486,4.09892867445,36.4453913728,1.55172413793,12.8275862069
1935.0,1415.0,317,46,203,152,45,16,17,1,0,0,0,0,0,0,0,0,2,0,1.57974683544,1.82713206751,1.67903628692,4.46372239748,6.89130434783,470,1.48264984227,31.0,0.0977917981073,103.0,0.324921135647,83.0,0.261829652997,0.69,0.513852695104,0,0,2,0,4,0,0.0130718954248,0,9,0,26,0.0595238095238,0.0483630952381,0.892113095238,3.03978466603,74.4081494308,4.59287683445,-196.247805514,3.11956521739,6.66819366342,7.81881949194,3.99375002057,39.3834179125,1.80434782609,10.2173913043
303.0,225.0,52,7,26,25,8,1,2,0,0,0,0,0,0,0,0,0,0,0,1.57037037037,1.88456666667,1.70781851852,4.32692307692,7.42857142857,72,1.38461538462,5.0,0.0961538461538,16.0,0.307692307692,10.0,0.192307692308,0.98,0.662087912088,0,0,0,0,1,0,0.0769230769231,0,0,0,6,0.0833333333333,0.0416666666667,0.875,2.66409340659,82.1565384615,3.6456043956,-213.171565934,3.42857142857,6.81758241758,7.95725182031,4.02013983516,38.1978021978,1.42857142857,10.2857142857
894.0,696.0,165,8,31,75,29,7,6,1,0,0,0,0,0,0,0,0,2,0,1.61313868613,1.94918467153,1.70892992701,4.21818181818,20.625,225,1.36363636364,11.0,0.0666666666667,45.0,0.272727272727,28.0,0.169696969697,0.76,0.512878787879,0,0,3,0,0,0,0.0263157894737,0,0,0,25,0.0744680851064,0.0172872340426,0.908244680851,8.75013636364,70.5369886364,8.54465909091,-609.704909091,11.6875,10.9166666667,9.82788878977,4.67002666667,47.8977272727,3.5,28.125
2469.0,1889.0,468,42,110,212,68,25,15,1,2,0,0,0,2,0,1,0,3,0,1.59768115942,1.92287681159,1.69504521739,4.03632478632,11.1428571429,621,1.32692307692,24.0,0.0512820512821,110.0,0.235042735043,76.0,0.162393162393,0.53,0.421245421245,0,0,3,2,3,0,0.0093896713615,0,1,0,54,0.0561974789916,0.0351890756303,0.908613445378,3.15251831502,83.2673076923,4.41340659341,-326.311761294,5.14285714286,6.50842490842,7.44753027036,4.19728315018,34.6471306471,1.80952380952,14.7857142857
974.0,755.0,169,23,49,90,22,9,5,0,1,0,0,0,0,0,0,0,2,0,1.59663865546,1.92202773109,1.68261428571,4.4674556213,7.34782608696,252,1.49112426036,21.0,0.12426035503,55.0,0.325443786982,34.0,0.201183431953,0.75,0.605608438384,0,0,0,0,2,0,0.021978021978,0,1,0,18,0.0991379310345,0.0272988505747,0.873563218391,3.28562901981,73.2278440957,4.8709184461,-209.921468999,3.58695652174,7.90954463597,8.58781807694,4.02057288397,39.8922047852,1.47826086957,10.9565217391
2077.0,1614.0,409,42,53,197,80,13,21,0,0,0,0,0,0,0,0,0,4,0,1.56037735849,1.87638584906,1.72281446541,3.94621026895,9.7380952381,542,1.32518337408,33.0,0.080684596577,91.0,0.222493887531,56.0,0.136919315403,0.61,0.468797298871,0,0,3,0,5,0,0.010101010101,0,1,0,46,0.0452586206897,0.0414870689655,0.913254310345,2.0256979858,84.8403198859,3.84502095704,-284.699678659,4.65476190476,7.12262195832,8.19290834945,4.13224962161,31.9874839912,1.33333333333,12.9047619048
1873.0,1437.0,346,34,87,154,53,19,16,0,0,0,0,0,0,0,1,0,2,0,1.5168627451,1.97041568627,1.72787333333,4.15317919075,10.1764705882,462,1.33526011561,27.0,0.0780346820809,95.0,0.274566473988,61.0,0.176300578035,0.63,0.465827949677,0,0,2,1,4,0,0.0129032258065,0,7,0,51,0.093567251462,0.047514619883,0.858918128655,3.21970928256,83.5428765726,4.13489289357,-296.631892214,4.88235294118,7.19197551853,8.21991551886,4.15357461748,37.6331179871,1.79411764706,13.5882352941
893.0,688.0,156,14,50,63,22,14,11,0,0,0,0,0,0,0,0,0,2,0,1.5564516129,1.85900564516,1.66545967742,4.41025641026,11.1428571429,228,1.46153846154,18.0,0.115384615385,50.0,0.320512820513,32.0,0.205128205128,0.71,0.520146520147,0,0,0,0,1,0,0.03125,0,0,0,19,0.0724431818182,0.0553977272727,0.872159090909,4.91373626374,71.8788461538,6.00186813187,-324.109304029,5.85714285714,9.07252747253,9.60674540555,4.20740494505,43.1941391941,2.28571428571,16.2857142857
1359.0,1002.0,254,27,103,104,44,18,18,2,0,0,0,0,1,0,0,0,5,0,1.40584795322,1.88834619883,1.70388947368,3.94488188976,9.40740740741,321,1.26377952756,15.0,0.0590551181102,57.0,0.224409448819,35.0,0.137795275591,0.63,0.430737824439,0,0,2,0,1,0,0.0190476190476,0,26,0,36,0.111228813559,0.0572033898305,0.83156779661,1.85409740449,90.37073345,2.99148731409,-274.786867892,4.25925925926,6.12516768737,7.38712966954,4.11243221056,31.8483522893,1.2962962963,11.8888888889
3992.0,3100.0,718,50,172,306,108,23,26,2,0,0,0,0,0,0,1,0,3,0,1.45111492281,1.85997084048,1.65975008576,4.31754874652,14.36,1039,1.44707520891,82.0,0.114206128134,205.0,0.285515320334,155.0,0.215877437326,0.47,0.579888579387,0,0,4,2,7,0,0.00651465798046,0,7,0,93,0.0692567567568,0.052027027027,0.878716216216,6.0856545961,69.8370373259,7.08588746518,-421.169637883,7.82,10.3122451253,10.4449848269,4.36678914763,42.9115320334,3.1,20.78
141.0,114.0,21,3,6,10,1,4,0,0,0,0,0,0,0,0,0,0,0,0,1.55,2.0178625,1.7682375,5.42857142857,7.0,39,1.85714285714,5.0,0.238095238095,10.0,0.47619047619,8.0,0.380952380952,0.90,0.952380952381,0,0,0,0,0,0,0.0909090909091,0,0,0,1,0.0833333333333,0.0,0.916666666667,7.63857142857,42.6157142857,9.05428571429,-193.825714286,4.16666666667,12.3238095238,10.5042237278,4.0212952381,54.619047619,2.66666666667,13.0
89.0,74.0,9,2,6,7,1,0,0,0,0,0,0,0,0,0,0,0,0,0,1.72,2.00476,1.7254,8.22222222222,4.5,19,2.11111111111,1.0,0.111111111111,1.0,0.111111111111,1.0,0.111111111111,1.22,1.16666666667,0,0,0,1,1,0,0.0,0,2,0,1,0.0416666666667,0.0,0.958333333333,19.5466666667,23.6675,11.0761111111,-102.371111111,1.75,6.24444444444,7.16862163009,3.87724444444,15.6111111111,0.5,9.5
1746.0,1352.0,309,21,83,129,55,16,22,1,0,0,0,0,0,0,2,0,1,0,1.52188841202,1.94483390558,1.72459270386,4.37540453074,14.7142857143,449,1.45307443366,37.0,0.119741100324,93.0,0.300970873786,59.0,0.190938511327,0.63,0.542764678687,0,0,3,0,1,0,0.0153846153846,0,1,0,46,0.0862341772152,0.0300632911392,0.883702531646,6.53529819695,68.9699029126,7.29484974572,-431.457438742,8.11904761905,10.6753582987,10.7120143474,4.38523569117,44.8113730929,2.80952380952,21.380952381
267.0,199.0,43,8,24,22,5,3,3,1,0,0,0,0,0,0,0,0,0,0,1.65185185185,1.86358148148,1.87962592593,4.62790697674,5.375,65,1.51162790698,5.0,0.116279069767,15.0,0.348837209302,12.0,0.279069767442,0.98,0.706395348837,0,0,0,0,0,0,0.0869565217391,0,0,0,5,0.0625,0.107954545455,0.829545454545,3.05494186047,73.4956540698,4.34345930233,-149.791627907,2.3125,6.8011627907,7.64542248074,3.92146046512,40.2587209302,1.5,8.125
121.0,96.0,21,1,4,10,3,1,1,0,0,0,0,0,0,0,0,0,0,0,1.49090909091,1.94531818182,1.78765454545,4.57142857143,21.0,30,1.42857142857,1.0,0.047619047619,4.0,0.190476190476,4.0,0.190476190476,1.00,1.47619047619,0,0,0,0,2,0,0.181818181818,0,1,0,3,0.0625,0.015625,0.921875,10.6014285714,64.6628571429,9.45714285714,-618.874285714,11.5,10.3047619048,8.84184627478,4.68561904762,40.0476190476,4.0,30.0
806.0,622.0,153,15,27,69,19,8,10,0,0,0,0,0,0,0,0,0,1,0,1.48387096774,1.8605516129,1.70279516129,4.06535947712,10.2,211,1.37908496732,16.0,0.104575163399,33.0,0.21568627451,19.0,0.124183006536,0.67,0.56339869281,0,0,1,1,2,0,0.0285714285714,0,2,0,14,0.0952380952381,0.0758928571429,0.828869047619,2.81784313725,79.8114117647,4.66120261438,-297.85503268,5.16666666667,8.26300653595,9.02919898222,4.1589324183,31.768627451,1.26666666667,14.0666666667
175.0,134.0,33,3,7,17,5,3,0,0,0,0,0,0,0,0,0,0,1,0,1.6,1.87207619048,1.64868571429,4.06060606061,11.0,47,1.42424242424,5.0,0.151515151515,7.0,0.212121212121,6.0,0.181818181818,0.94,0.909090909091,0,0,0,0,0,0,0.0555555555556,0,0,0,3,0.0714285714286,0.1875,0.741071428571,3.19545454545,75.1790909091,5.50606060606,-321.883030303,6.16666666667,10.4606060606,10.5042237278,4.20602424242,32.2121212121,2.0,15.6666666667
359.0,283.0,67,0,9,38,9,1,6,0,0,0,0,0,0,0,0,0,0,0,1.48947368421,1.94245789474,1.69453684211,4.22388059701,0.0,102,1.5223880597,11.0,0.164179104478,17.0,0.253731343284,8.0,0.119402985075,0.90,0.582089552239,0,0,0,0,0,0,0.0512820512821,0,0,0,7,0.0576923076923,0.0288461538462,0.913461538462,-1.53552238806,78.0409701493,2.37417910448,9.07865671642,0,6.5671641791,0,3.6624238806,25.3731343284,0,0.0
287.0,213.0,51,13,23,27,6,4,5,0,0,0,0,0,0,0,0,0,1,0,1.60833333333,1.97137916667,1.70582916667,4.17647058824,3.92307692308,75,1.47058823529,5.0,0.0980392156863,13.0,0.254901960784,11.0,0.21568627451,0.88,0.645550527903,0,0,0,0,1,0,0.0714285714286,0,2,0,6,0.0138888888889,0.0347222222222,0.951388888889,0.202714932127,78.4413122172,3.29294117647,-108.892895928,1.34615384615,5.49079939668,6.67199483984,3.84656500754,29.4132730015,0.846153846154,5.76923076923
437.0,327.0,79,8,31,43,11,3,2,0,0,0,0,0,0,0,0,0,0,0,1.48936170213,2.00036808511,1.68547021277,4.13924050633,9.875,115,1.45569620253,8.0,0.101265822785,22.0,0.278481012658,16.0,0.20253164557,0.71,0.65664556962,0,0,0,0,0,0,0.0454545454545,0,8,0,10,0.09375,0.0390625,0.8671875,3.00332278481,73.6599762658,5.43846518987,-287.669873418,4.9375,8.00063291139,8.84184627478,4.14228987342,37.7231012658,2.0,14.375
223.0,163.0,35,9,24,19,3,1,3,0,0,0,0,0,0,0,1,0,0,0,1.52380952381,2.03265714286,1.68829047619,4.65714285714,3.88888888889,49,1.4,3.0,0.0857142857143,14.0,0.4,10.0,0.285714285714,1.00,0.68253968254,0,0,1,0,0,0,0.05,0,0,0,1,0.116071428571,0.00892857142857,0.875,2.44958730159,84.4477777778,2.44666666667,-105.036095238,1.27777777778,4.98412698413,6.42735559956,3.8429231746,43.8888888889,1.11111111111,5.44444444444
590.0,474.0,93,11,23,43,11,10,5,0,0,0,0,0,0,0,0,0,2,0,1.54098360656,1.92746065574,1.65623114754,5.09677419355,8.45454545455,150,1.61290322581,15.0,0.161290322581,33.0,0.354838709677,29.0,0.311827956989,0.77,0.628543499511,0,0,0,0,0,0,0.0454545454545,0,0,0,10,0.0833333333333,0.0684523809524,0.848214285714,6.80307917889,61.8020234604,6.73953079179,-239.416363636,4.59090909091,9.83343108504,9.80015041477,4.08131319648,43.9384164223,2.63636363636,13.6363636364
166.0,131.0,23,4,12,17,1,2,0,0,0,0,0,0,0,0,0,0,0,0,1.68888888889,2.09171111111,1.75,5.69565217391,5.75,39,1.69565217391,4.0,0.173913043478,12.0,0.521739130435,8.0,0.347826086957,0.96,1.11956521739,0,0,0,0,2,0,0.0555555555556,0,0,0,0,0.0125,0.0375,0.95,8.27152173913,57.546576087,6.66119565217,-154.752608696,2.875,9.25652173913,8.84184627478,3.94916086957,57.9239130435,2.0,9.75
144.0,109.0,27,2,8,12,1,2,4,0,0,0,0,0,0,0,0,0,0,0,1.6875,1.988775,1.73116875,4.03703703704,13.5,36,1.33333333333,3.0,0.111111111111,5.0,0.185185185185,4.0,0.148148148148,0.89,1.05555555556,0,0,0,0,0,0,0.153846153846,0,0,0,1,0.025,0.025,0.95,4.33444444444,80.3325,5.40833333333,-397.021851852,7.25,9.84444444444,10.1257567016,4.32364444444,32.0185185185,2.0,18.0
127.0,103.0,15,5,9,10,1,0,0,0,0,0,0,0,0,0,0,0,0,0,1.25,1.8559375,1.5715625,6.86666666667,3.0,27,1.8,2.0,0.133333333333,6.0,0.4,3.0,0.2,1.27,0.933333333333,0,0,0,0,0,0,0.0,0,2,0,1,0.0,0.0,1.0,12.412,51.51,6.82,-65.3553333333,0.9,6.53333333333,6.74215798459,3.80635333333,43.0,0.6,5.4
53.0,42.0,7,2,4,6,0,1,0,0,0,0,0,0,0,0,0,0,0,0,2.6,2.4444,1.9,6.0,3.5,13,1.85714285714,1.0,0.142857142857,5.0,0.714285714286,2.0,0.285714285714,1.00,1.5,0,0,0,0,0,0,0.166666666667,0,0,0,0,0.0,0.0,1.0,8.58,46.1682142857,7.68928571429,-85.46,1.25,7.11428571429,7.16862163009,3.83265714286,74.9285714286,1.0,6.5
658.0,499.0,121,12,37,53,19,5,2,1,0,0,0,0,1,0,0,0,1,0,1.66966292135,1.85221348315,1.69907303371,4.12396694215,10.0833333333,159,1.31404958678,10.0,0.0826446280992,30.0,0.247933884298,22.0,0.181818181818,0.82,0.637052341598,0,0,1,0,4,0,0.037037037037,0,0,0,18,0.0795454545455,0.0530303030303,0.867424242424,3.03555096419,85.4318216253,3.84828512397,-294.009834711,4.875,7.3391184573,8.3441,4.14968292011,34.8767217631,1.83333333333,13.25
863.0,660.0,164,18,38,74,29,6,9,0,0,0,0,0,0,0,0,0,1,0,1.54920634921,1.90020793651,1.68763968254,4.0243902439,9.11111111111,222,1.35365853659,11.0,0.0670731707317,37.0,0.225609756098,20.0,0.121951219512,0.74,0.470189701897,0,0,1,1,3,0,0.0266666666667,0,0,0,27,0.102011494253,0.0790229885057,0.818965517241,2.08043360434,83.0677100271,3.93650406504,-265.429674797,4.16666666667,6.32737127371,7.59495919318,4.09900196477,31.6720867209,1.11111111111,12.3333333333
347.0,272.0,65,5,10,27,11,2,1,0,0,0,0,0,0,0,0,0,0,0,1.59166666667,1.90824375,1.7070375,4.18461538462,13.0,90,1.38461538462,5.0,0.0769230769231,17.0,0.261538461538,13.0,0.2,0.82,0.569230769231,0,0,0,0,0,0,0.0714285714286,0,0,0,10,0.0729166666667,0.100694444444,0.826388888889,4.77953846154,76.5015384615,5.81846153846,-381.152615385,6.5,8.27692307692,8.84184627478,4.29344615385,39.1538461538,2.6,18.0
642.0,485.0,115,6,42,49,19,8,4,0,0,0,0,0,0,0,0,0,0,0,1.56444444444,1.96437333333,1.75125111111,4.21739130435,19.1666666667,155,1.34782608696,9.0,0.0782608695652,32.0,0.278260869565,19.0,0.165217391304,0.74,0.697101449275,0,0,0,1,2,0,0.04,0,0,0,16,0.0288461538462,0.0326923076923,0.938461538462,8.01724637681,73.3547463768,7.78934782609,-565.959565217,11.0833333333,10.7971014493,10.1257567016,4.59952405797,46.9927536232,3.16666666667,25.8333333333
480.0,345.0,86,4,50,48,12,1,2,0,0,0,0,0,0,0,0,0,2,0,1.36279069767,1.87238604651,1.61441162791,4.01162790698,21.5,122,1.41860465116,10.0,0.116279069767,24.0,0.279069767442,17.0,0.197674418605,0.76,0.877906976744,0,0,0,0,2,0,0.0408163265306,0,0,0,11,0.0912162162162,0.0371621621622,0.871621621622,8.21476744186,64.9985465116,9.53453488372,-637.171511628,13.25,13.2511627907,12.1617449615,4.72126046512,49.4069767442,4.25,30.5
245.0,181.0,44,4,20,28,6,2,2,0,0,0,0,0,0,0,0,0,0,0,1.72,2.052412,1.74088,4.11363636364,11.0,59,1.34090909091,6.0,0.136363636364,13.0,0.295454545455,9.0,0.204545454545,0.91,1.0,0,0,0,0,0,0,0.0689655172414,0,0,0,5,0.0535714285714,0.0952380952381,0.85119047619,3.44522727273,82.2290909091,4.52272727273,-321.570681818,6.0,9.85454545455,10.1257567016,4.20363181818,40.5454545455,2.25,14.75
208.0,163.0,38,5,7,19,6,4,1,0,0,0,0,0,0,0,0,0,1,0,1.57037037037,1.95296296296,1.75744814815,4.28947368421,7.6,54,1.42105263158,5.0,0.131578947368,10.0,0.263157894737,6.0,0.157894736842,0.84,0.7,0,0,0,0,0,0,0.1,0,0,0,5,0.0763888888889,0.0625,0.861111111111,2.57342105263,78.8999473684,4.14242105263,-218.535,3.8,8.30315789474,8.84184627478,4.03423631579,33.9157894737,1.2,10.8
414.0,295.0,72,7,47,48,7,1,4,0,0,0,0,0,0,0,0,0,0,0,1.47222222222,1.92936944444,1.54549444444,4.09722222222,10.2857142857,109,1.51388888889,10.0,0.138888888889,16.0,0.222222222222,11.0,0.152777777778,0.88,0.809523809524,0,0,0,0,0,0,0.0408163265306,0,8,0,6,0.0625,0.0,0.9375,3.01077380952,68.32,6.28531746032,-300.238789683,5.57142857143,9.66984126984,9.95713778548,4.16860198413,32.5079365079,1.57142857143,15.5714285714
267.0,216.0,46,2,5,21,8,1,2,0,0,0,0,0,0,0,0,0,0,0,1.54838709677,1.78765806452,1.69897741935,4.69565217391,23.0,68,1.47826086957,5.0,0.108695652174,16.0,0.347826086957,9.0,0.195652173913,0.93,0.913043478261,0,0,1,0,0,0,0.0909090909091,0,0,0,8,0.0108695652174,0.0163043478261,0.972826086957,12.1865217391,58.4291304348,10.8234782609,-678.142608696,14.0,13.547826087,12.1617449615,4.79446304348,57.7826086957,4.5,34.0
416.0,298.0,71,12,47,44,9,6,2,1,0,0,0,0,0,0,0,0,2,0,1.7,1.97080277778,1.70256666667,4.19718309859,5.91666666667,103,1.45070422535,5.0,0.0704225352113,21.0,0.295774647887,14.0,0.197183098592,0.79,0.815727699531,0,0,0,0,0,0,0.0444444444444,0,3,0,9,0.115384615385,0.0432692307692,0.841346153846,1.2970657277,78.1000058685,3.83580985915,-168.578591549,2.375,5.18356807512,6.81666186389,3.94108638498,35.4941314554,1.16666666667,8.58333333333
142.0,113.0,23,1,5,16,2,0,0,0,0,0,0,0,0,0,0,0,0,0,1.23333333333,1.73801666667,1.53946666667,4.91304347826,23.0,41,1.78260869565,5.0,0.217391304348,8.0,0.347826086957,6.0,0.260869565217,1.00,1.82608695652,0,0,0,0,0,0,0.0,0,0,0,2,0.0208333333333,0.0,0.979166666667,13.2104347826,32.6813043478,14.4147826087,-676.862173913,16.5,17.8956521739,15.9031890086,4.81162608696,57.7826086957,6.0,41.0
190.0,153.0,28,4,9,24,2,3,0,0,0,0,0,0,0,0,0,0,0,0,1.43636363636,2.07890909091,1.71572727273,5.46428571429,7.0,55,1.96428571429,5.0,0.178571428571,14.0,0.5,7.0,0.25,0.82,1.07142857143,0,0,0,0,0,0,0.04,0,4,0,1,0.160714285714,0.0,0.839285714286,7.80678571429,33.5514285714,10.3185714286,-193.615357143,3.75,9.94285714286,9.51614450431,4.01189642857,57.0,1.75,13.75
757.0,601.0,137,16,19,56,24,9,5,2,0,0,0,0,0,0,0,0,0,0,1.41869158879,1.80838785047,1.69257757009,4.38686131387,8.5625,202,1.47445255474,13.0,0.0948905109489,40.0,0.29197080292,26.0,0.189781021898,0.67,0.456660583942,0,0,1,0,0,0,0.0350877192982,0,0,0,19,0.118150684932,0.0684931506849,0.813356164384,3.51336678832,73.4053763686,5.14791514599,-246.836386861,4.09375,7.22062043796,8.27849990436,4.07618321168,37.759580292,1.625,12.625
8.0,6.0,1,1,1,1,0,0,0,0,0,0,0,0,0,0,0,0,0,0,0,0,0,6.0,1.0,3,3.0,1.0,1.0,1.0,1.0,1.0,1.0,1.00,3.0,0,0,0,0,0,0,0.0,0,0,0,0,0,0,0,7.33,-47.98,20.2,-10.46,0.5,40.4,8.84184627478,3.844,101.0,1.0,3.0
472.0,361.0,94,5,17,36,15,9,6,1,0,0,0,0,0,0,0,0,1,0,1.66666666667,1.85145416667,1.66510694444,3.84042553191,18.8,129,1.37234042553,12.0,0.127659574468,20.0,0.212765957447,13.0,0.13829787234,0.74,0.657446808511,0,0,0,0,1,0,0.0540540540541,0,0,0,12,0.0347222222222,0.0324074074074,0.93287037037,6.05840425532,71.653,7.93561702128,-557.179893617,11.8,12.6263829787,11.9792484733,4.58913744681,40.0765957447,2.6,25.8
478.0,372.0,86,9,20,41,14,5,10,1,0,0,0,0,0,0,0,0,1,0,1.45660377358,1.85696415094,1.62733018868,4.32558139535,9.55555555556,121,1.40697674419,9.0,0.104651162791,19.0,0.220930232558,12.0,0.139534883721,0.81,0.622739018088,0,0,1,1,4,0,0.047619047619,0,0,0,11,0.0416666666667,0.0590277777778,0.899305555556,3.72126614987,78.105878553,4.73899224806,-276.988992248,4.77777777778,8.00826873385,8.84184627478,4.12697997416,31.6485788114,1.33333333333,13.4444444444
276.0,221.0,36,5,19,19,6,1,2,0,0,0,0,0,0,0,0,0,0,0,1.45,1.906285,1.77261,6.13888888889,7.2,72,2.0,9.0,0.25,14.0,0.388888888889,11.0,0.305555555556,1.00,0.95,0,0,1,0,0,0,0.05,0,0,0,5,0.0446428571429,0.0535714285714,0.901785714286,11.0841666667,30.327,10.818,-195.641944444,4.4,12.88,10.7935534052,4.033095,46.0888888889,2.2,14.4
902.0,706.0,161,8,34,70,23,14,10,1,0,0,0,0,0,0,0,0,1,0,1.51869918699,1.83921869919,1.6554097561,4.3850931677,20.125,222,1.37888198758,17.0,0.105590062112,45.0,0.27950310559,27.0,0.167701863354,0.78,0.578416149068,0,0,0,0,0,0,0.0281690140845,0,1,0,19,0.0737951807229,0.0512048192771,0.875,9.28628881988,69.7547088509,8.52955745342,-593.721801242,12.1875,12.2736024845,11.4567871789,4.65137267081,48.075310559,3.375,27.75
1380.0,1092.0,280,1,7,112,42,15,10,0,0,0,0,0,0,0,0,0,5,0,1.54285714286,1.83423913043,1.69490559006,3.9,280.0,351,1.25357142857,23.0,0.0821428571429,45.0,0.160714285714,28.0,0.1,0.63,1.40357142857,0,0,0,1,3,0,0.0176991150442,0,1,0,41,0.048951048951,0.0699300699301,0.881118881119,136.939,-183.417142857,108.402142857,-8392.829,163.0,115.285714286,30.5264686693,17.5374703571,296.071428571,28.0,351.0
362.0,294.0,65,0,2,38,5,11,3,0,0,0,0,0,0,0,0,0,3,0,1.58709677419,2.14409677419,1.79550322581,4.52307692308,0.0,99,1.52307692308,8.0,0.123076923077,17.0,0.261538461538,9.0,0.138461538462,0.88,0.630769230769,0,0,0,2,1,0,0.0512820512821,0,0,0,4,0.189516129032,0.0524193548387,0.758064516129,-0.126307692308,77.9826923077,2.38230769231,10.8409230769,0,4.92307692308,0,3.65593384615,26.1538461538,0,0.0
3482.0,2820.0,653,0,8,325,87,35,32,0,0,0,0,0,0,0,0,0,1,0,1.67127071823,1.85207237569,1.74356740331,4.31852986217,0.0,948,1.4517611026,70.0,0.10719754977,162.0,0.24808575804,100.0,0.153139356815,0.60,0.523736600306,0,0,0,5,6,0,0.00613496932515,0,0,0,88,0.0614951768489,0.0655144694534,0.872990353698,-1.08972434916,84.0160107198,1.54078101072,9.63614088821,0,4.28790199081,0,3.65342649311,24.808575804,0,0.0
307.0,252.0,53,0,1,27,8,2,4,0,0,0,0,0,0,0,0,0,0,0,1.64705882353,2.05161764706,1.6923,4.75471698113,0.0,77,1.45283018868,5.0,0.0943396226415,12.0,0.22641509434,9.0,0.169811320755,0.91,0.471698113208,0,0,0,0,0,0,0.0714285714286,0,0,0,8,0.0511363636364,0.0397727272727,0.909090909091,0.964716981132,83.9255660377,1.55339622642,12.2052830189,0,3.77358490566,0,3.65139622642,22.641509434,0,0.0
711.0,593.0,116,0,1,52,17,7,5,4,0,0,0,0,0,0,0,0,0,0,1.52,1.97170714286,1.67866,5.11206896552,0.0,198,1.70689655172,26.0,0.224137931034,39.0,0.336206896552,32.0,0.275862068966,0.78,0.603448275862,0,0,0,0,1,0,0.0377358490566,0,0,0,9,0.0745192307692,0.0673076923077,0.858173076923,2.64784482759,62.4315517241,4.55137931034,14.3100862069,0,8.96551724138,0,3.67189137931,33.6206896552,0,0.0
3209.0,2607.0,584,1,17,317,71,42,40,2,1,0,0,0,0,0,1,0,0,0,1.56725146199,1.87179766082,1.74506081871,4.46404109589,584.0,887,1.51883561644,70.0,0.119863013699,155.0,0.265410958904,109.0,0.186643835616,0.64,1.56164383562,0,0,1,13,8,0,0.0062893081761,0,1,0,67,0.0598776223776,0.097027972028,0.843094405594,291.595633562,-514.418493151,230.092260274,-17509.5067979,362.0,238.394520548,50.9253644984,32.6218263699,610.54109589,109.0,887.0
5006.0,4115.0,878,0,12,396,107,57,45,4,0,0,0,0,0,0,0,0,7,0,1.59045801527,1.88918301527,1.63187118321,4.6867881549,0.0,1423,1.62072892938,153.0,0.174259681093,304.0,0.346241457859,180.0,0.205011389522,0.51,0.562642369021,0,0,3,5,8,0,0.00503778337531,0,0,0,81,0.0606527093596,0.0289408866995,0.910406403941,0.644772209567,69.721332574,3.53460136674,11.8051822323,0,6.97038724374,0,3.66401560364,34.6241457859,0,0.0
280.0,226.0,53,0,0,17,13,2,3,0,0,0,0,0,0,0,0,0,1,0,1.46666666667,1.86745208333,1.76129791667,4.2641509434,0.0,70,1.32075471698,4.0,0.0754716981132,14.0,0.264150943396,8.0,0.150943396226,0.74,0.320754716981,0,0,0,0,1,0,0.111111111111,0,0,0,13,0.0703125,0.09375,0.8359375,-1.3458490566,95.0991509434,-0.00509433962264,9.3158490566,0,3.01886792453,0,3.64841698113,26.4150943396,0,0.0
6150.0,4984.0,1132,0,33,584,135,50,62,7,0,0,0,0,0,0,0,0,9,0,1.54200988468,1.87131004942,1.7183369028,4.40282685512,0.0,1590,1.40459363958,126.0,0.111307420495,285.0,0.251766784452,204.0,0.180212014134,0.53,0.544169611307,0,0,3,15,7,0,0.0034188034188,0,0,0,106,0.0625,0.0539883268482,0.883511673152,-0.692685512367,88.0063780919,0.984204946996,10.1326501767,0,4.45229681979,0,3.6540754417,25.1766784452,0,0.0
2326.0,1906.0,415,0,4,233,53,19,28,1,0,0,0,0,0,0,0,0,1,0,1.53406593407,1.98002362637,1.72517857143,4.59277108434,0.0,664,1.6,66.0,0.159036144578,131.0,0.315662650602,87.0,0.209638554217,0.72,0.657831325301,0,0,1,3,4,0,0.00854700854701,0,0,0,50,0.0558035714286,0.0364583333333,0.907738095238,0.201951807229,71.475,3.29,11.2514216867,0,6.36144578313,0,3.66161180723,31.5662650602,0,0.0
4096.0,3309.0,784,0,2,404,118,47,52,0,0,0,0,0,0,0,0,0,4,0,1.64420600858,1.94971351931,1.72557274678,4.22066326531,0.0,1097,1.39923469388,71.0,0.0905612244898,181.0,0.230867346939,106.0,0.135204081633,0.58,0.559948979592,0,0,2,3,7,0,0.00493827160494,0,0,0,93,0.0487938596491,0.0592105263158,0.891995614035,-1.55067602041,88.459744898,0.920969387755,9.05970663265,0,3.62244897959,0,3.65079961735,23.0867346939,0,0.0
1632.0,1292.0,324,0,15,139,70,22,6,0,0,0,0,0,0,0,0,0,0,0,1.53035714286,1.94125401786,1.67729732143,3.98765432099,0.0,403,1.24382716049,19.0,0.0586419753086,59.0,0.182098765432,37.0,0.114197530864,0.37,0.342592592593,0,0,0,1,1,0,0.0142857142857,0,0,0,57,0.0882352941176,0.0744485294118,0.837316176471,-2.64814814815,101.607222222,-0.912839506173,7.68728395062,0,2.34567901235,0,3.6457595679,18.2098765432,0,0.0
7909.0,6395.0,1507,0,6,747,174,104,120,4,0,0,0,0,0,0,0,0,6,0,1.58138528139,1.87537651515,1.7123012987,4.24353019244,0.0,2161,1.43397478434,151.0,0.100199071002,345.0,0.228931652289,220.0,0.14598540146,0.46,0.530192435302,0,0,7,23,9,0,0.00267379679144,0,0,0,122,0.0648474178404,0.062646713615,0.872505868545,-1.44297279363,85.5207332449,1.33090245521,9.19439283344,0,4.00796284008,0,3.65232143331,22.8931652289,0,0.0
1933.0,1582.0,347,0,3,177,34,16,17,0,0,0,0,0,0,0,0,0,0,0,1.65769230769,1.89451730769,1.68192051282,4.5590778098,0.0,513,1.47838616715,47.0,0.135446685879,107.0,0.308357348703,81.0,0.233429394813,0.71,0.547550432277,0,0,1,1,4,0,0.0112359550562,0,0,0,30,0.036231884058,0.0570652173913,0.906702898551,0.0432564841499,81.7635302594,1.85495677233,11.0529682997,0,5.41786743516,0,3.6578870317,30.8357348703,0,0.0
2723.0,2217.0,497,0,8,246,62,39,42,2,0,0,0,0,0,0,0,0,7,0,1.68137931034,1.87469344828,1.74138689655,4.46076458753,0.0,736,1.48088531187,55.0,0.110663983903,138.0,0.277665995976,95.0,0.191146881288,0.66,0.545271629779,1,0,1,7,4,0,0.0080971659919,0,0,0,54,0.0548561151079,0.0580035971223,0.88714028777,-0.419798792757,81.5521026157,1.88444668008,10.4739034205,0,4.42655935614,0,3.65397384306,27.7665995976,0,0.0
33.0,27.0,5,0,0,3,1,1,0,0,0,0,0,0,0,0,0,0,0,0,2.6,1.7156,1.84656666667,5.4,0.0,8,1.6,0.0,0.0,2.0,0.4,0.0,0.0,1.00,0.6,0,0,0,0,0,0,0.25,0,0,0,1,0.0,0.09375,0.90625,4.004,71.475,3.29,16.006,0,0.0,0,3.6365,40.0,0,0.0
4543.0,3677.0,848,0,17,472,91,49,44,2,0,0,0,0,0,0,0,0,4,0,1.58521939954,1.87914526559,1.7157187067,4.33608490566,0.0,1239,1.46108490566,88.0,0.103773584906,231.0,0.272405660377,140.0,0.165094339623,0.60,0.573113207547,0,0,2,6,7,0,0.00422832980973,0,0,0,72,0.0586043360434,0.0558943089431,0.885501355014,-1.00704009434,83.2272169811,1.65080188679,9.73954009434,0,4.15094339623,0,3.65288584906,27.2405660377,0,0.0
7248.0,5891.0,1351,0,5,663,182,81,101,4,1,0,0,0,0,0,0,0,4,0,1.5290978399,1.87643443456,1.71238386277,4.36047372317,0.0,1905,1.41006661732,125.0,0.0925240562546,360.0,0.266469282013,195.0,0.144337527757,0.43,0.485566247224,0,0,5,21,13,0,0.00301204819277,0,0,0,145,0.0610507246377,0.0773550724638,0.861594202899,-0.892168763879,87.5433641747,1.04878608438,9.88319022946,0,3.70096225019,0,3.65110954848,26.6469282013,0,0.0
3348.0,2745.0,600,0,2,378,64,19,23,4,0,0,0,0,0,0,0,0,2,0,1.63529411765,1.89125756303,1.68597142857,4.575,0.0,892,1.48666666667,67.0,0.111666666667,180.0,0.3,128.0,0.213333333333,0.56,0.68,0,0,2,6,4,0,0.00527704485488,0,0,0,51,0.0502392344498,0.0299043062201,0.91985645933,0.11825,81.063,1.95266666667,11.14675,0,4.46666666667,0,3.65413216667,30.0,0,0.0
875.0,693.0,170,0,11,90,20,7,11,1,0,0,0,0,0,0,0,0,1,0,1.64,1.81324428571,1.65478714286,4.07647058824,0.0,222,1.30588235294,12.0,0.0705882352941,36.0,0.211764705882,26.0,0.152941176471,0.72,0.547058823529,0,0,1,1,2,0,0.021978021978,0,0,0,18,0.0224358974359,0.0448717948718,0.932692307692,-2.22982352941,96.3573529412,-0.180588235294,8.21041176471,0,2.82352941176,0,3.64764588235,21.1764705882,0,0.0
6115.0,4954.0,1141,0,19,479,222,55,54,2,2,0,0,0,0,0,0,0,6,0,1.54928104575,1.95920954248,1.70984784314,4.34180543383,0.0,1585,1.38913234005,95.0,0.0832602979842,269.0,0.235758106924,179.0,0.156879929886,0.37,0.376862401402,0,0,9,8,18,0,0.00416666666667,0,0,0,188,0.0662983425414,0.0485727440147,0.885128913444,-0.980096406661,89.3144040316,0.801761612621,9.77323400526,0,3.33041191937,0,3.64964680105,23.5758106924,0,0.0
6992.0,5664.0,1319,0,8,779,121,69,35,3,0,0,0,0,0,0,0,0,3,0,1.61476510067,1.87523020134,1.69543506711,4.29416224412,0.0,1854,1.40561031084,113.0,0.0856709628506,320.0,0.242608036391,189.0,0.143290371494,0.54,0.599696739955,1,0,4,17,5,0,0.0025641025641,0,0,0,97,0.04833984375,0.050048828125,0.901611328125,-1.20449583017,87.9203677028,0.99620166793,9.49261561789,0,3.42683851403,0,3.65002744503,24.2608036391,0,0.0
5130.0,4198.0,925,0,6,531,112,29,62,2,0,0,0,0,0,0,0,0,3,0,1.58369781312,1.87402942346,1.69138568588,4.53837837838,0.0,1491,1.61189189189,144.0,0.155675675676,274.0,0.296216216216,163.0,0.176216216216,0.50,0.654054054054,0,0,3,13,5,0,0.00375939849624,0,0,0,93,0.0662416851441,0.0471175166297,0.886640798226,-0.0542378378378,70.4689459459,3.43032432432,10.9310486486,0,6.22702702703,0,3.66108118919,29.6216216216,0,0.0
109.0,88.0,20,0,0,6,6,0,0,0,0,0,0,0,0,0,0,0,0,0,1.50666666667,1.81862666667,1.65383333333,4.4,0.0,31,1.55,3.0,0.15,5.0,0.25,5.0,0.25,0.90,0.3,0,0,0,0,0,0,0.0,0,0,0,4,0.125,0.125,0.75,-0.706,75.705,2.7,10.116,0,6.0,0,3.660185,25.0,0,0.0
113.0,88.0,23,0,1,8,4,2,1,0,0,0,0,0,0,0,0,0,0,0,1.38181818182,1.98331818182,1.76195454545,3.82608695652,0.0,29,1.26086956522,1.0,0.0434782608696,3.0,0.130434782609,1.0,0.0434782608696,0.96,0.173913043478,0,0,1,0,0,0,0.222222222222,0,0,0,3,0.115384615385,0.0673076923077,0.817307692308,-3.40913043478,100.165434783,-0.711739130435,6.73565217391,0,1.73913043478,0,3.64336521739,13.0434782609,0,0.0
3803.0,3338.0,462,0,2,257,67,23,14,1,1,0,0,0,0,0,0,0,1,0,1.60163934426,1.91708893443,1.79358606557,7.22510822511,0.0,1310,2.8354978355,40.0,0.0865800865801,120.0,0.25974025974,69.0,0.149350649351,0.66,0.558441558442,0,0,0,15,0,0,0.0077519379845,0,0,0,60,0.0630277777778,0.064287037037,0.872685185185,12.6002597403,-33.0481168831,17.8688744589,26.7558874459,0,3.4632034632,0,3.65017099567,25.974025974,0,0.0
7245.0,5943.0,1294,0,7,564,171,60,94,6,0,0,0,0,0,0,0,0,7,0,1.49146919431,1.8609063981,1.64449763033,4.59273570325,0.0,1991,1.53863987635,189.0,0.146058732612,379.0,0.292890262751,281.0,0.2171561051,0.48,0.49227202473,2,0,9,7,6,0,0.00353982300885,0,0,0,139,0.0581349206349,0.0517857142857,0.890079365079,0.201785162287,76.6660664606,2.56595054096,11.2512132921,0,5.84234930448,0,3.65956267388,29.2890262751,0,0.0
6821.0,5505.0,1306,0,9,740,147,44,65,0,0,0,0,0,0,0,0,0,6,0,1.53943028486,1.89621124438,1.67723628186,4.21516079632,0.0,1845,1.41271056662,121.0,0.0926493108729,289.0,0.221286370597,180.0,0.137825421133,0.53,0.587289433384,0,0,1,20,7,0,0.00269905533063,0,0,0,129,0.0546594982079,0.0477150537634,0.897625448029,-1.57659264931,87.3196860643,1.07998468606,9.02729709035,0,3.70597243492,0,3.65112932619,22.1286370597,0,0.0
752.0,631.0,119,0,1,57,14,5,11,0,0,0,0,0,0,0,0,0,0,0,1.5512195122,1.82293780488,1.6607,5.3025210084,0.0,159,1.33613445378,10.0,0.0840336134454,23.0,0.193277310924,15.0,0.126050420168,0.76,0.46218487395,0,0,0,1,2,0,0.0344827586207,0,0,0,14,0.0559701492537,0.0578358208955,0.886194029851,3.54487394958,93.7980252101,0.176386554622,15.4318487395,0,3.36134453782,0,3.64976890756,19.3277310924,0,0.0
2241.0,1888.0,349,0,3,139,56,30,25,1,0,0,0,0,0,0,0,0,0,0,1.56831683168,1.81805693069,1.65236386139,5.40974212034,0.0,640,1.83381088825,86.0,0.246418338109,167.0,0.478510028653,134.0,0.383954154728,0.41,0.595988538682,0,0,0,0,0,0,0.0142857142857,0,0,0,44,0.0651041666667,0.0868055555556,0.848090277778,4.04988538682,51.6945988539,6.04896848138,16.0633810888,0,9.85673352436,0,3.67540945559,47.8510028653,0,0.0
2250.0,1819.0,426,0,4,144,82,19,19,3,0,0,0,0,0,0,0,0,4,0,1.51540983607,1.88063868852,1.66597180328,4.26995305164,0.0,598,1.40375586854,52.0,0.1220657277,89.0,0.208920187793,63.0,0.147887323944,0.49,0.342723004695,0,0,0,1,1,0,0.0137931034483,0,0,0,70,0.129679144385,0.0741978609626,0.796122994652,-1.31852112676,88.0772535211,0.974319248826,9.35002347418,0,4.88262910798,0,3.6557741784,20.8920187793,0,0.0
4771.0,3836.0,887,0,47,446,80,49,44,0,0,0,0,0,0,0,0,0,1,0,1.47595628415,1.86078688525,1.76151010929,4.32468996618,0.0,1251,1.41037204059,81.0,0.0913190529876,261.0,0.294250281849,174.0,0.196166854566,0.44,0.470124013529,0,0,1,4,27,0,0.00447427293065,0,0,0,60,0.048590504451,0.0215133531157,0.929896142433,-1.0607102593,87.5175253664,1.05239007892,9.67242390079,0,3.6527621195,0,3.65091927847,29.4250281849,0,0.0
4761.0,3934.0,811,0,15,377,83,47,30,1,1,0,0,0,0,0,0,0,3,0,1.5375,1.83501475,1.72138925,4.85080147965,0.0,1373,1.69297163995,171.0,0.21085080148,273.0,0.336621454994,209.0,0.257706535142,0.53,0.59186189889,0,0,2,5,10,0,0.00529100529101,0,0,0,82,0.0569444444444,0.0541666666667,0.888888888889,1.41727496917,63.6095992602,4.38706535142,12.7712207152,0,8.43403205919,0,3.66979334155,33.6621454994,0,0.0
4074.0,3239.0,801,0,33,344,132,50,62,2,1,0,0,0,0,0,0,0,7,0,1.52618629174,1.89747275923,1.70399490334,4.04369538077,0.0,1073,1.33957553059,50.0,0.0624219725343,173.0,0.215980024969,99.0,0.123595505618,0.52,0.388264669164,0,0,0,3,8,0,0.00579710144928,0,0,0,108,0.0807783018868,0.0627948113208,0.856426886792,-2.38419475655,93.5069101124,0.216991260924,8.01736579276,0,2.49687890137,0,3.64635642946,21.5980024969,0,0.0
7066.0,5925.0,1127,0,13,619,113,52,32,5,0,0,0,0,0,0,0,0,6,0,1.56475095785,1.89146781609,1.66727624521,5.25732031943,0.0,2042,1.81188997338,246.0,0.218278615794,453.0,0.401952085182,334.0,0.29636202307,0.59,0.682342502218,0,0,4,1,1,0,0.00322580645161,0,0,0,87,0.0650252525253,0.0400883838384,0.894886363636,3.33197870453,53.549108252,5.79030168589,15.1656166815,0,8.73114463177,0,3.67096619343,40.1952085182,0,0.0
4726.0,3804.0,887,0,34,559,99,44,24,0,0,0,0,0,0,0,0,0,3,0,1.59292035398,1.95652455752,1.72643207965,4.28861330327,0.0,1326,1.49492671928,94.0,0.105975197294,239.0,0.269447576099,140.0,0.157835400225,0.56,0.611048478016,0,0,1,6,2,0,0.00357142857143,0,0,0,93,0.0582750582751,0.0469114219114,0.894813519814,-1.2306313416,80.364199549,2.05013528749,9.45993235626,0,4.23900789177,0,3.65323348365,26.9447576099,0,0.0
3409.0,2749.0,644,0,15,297,64,33,34,0,0,0,0,0,0,0,0,0,3,0,1.54423076923,1.89112916667,1.66248461538,4.26863354037,0.0,860,1.33540372671,49.0,0.0760869565217,170.0,0.26397515528,98.0,0.152173913043,0.59,0.416149068323,0,0,0,4,0,0,0.00671140939597,0,0,0,49,0.0529069767442,0.0418604651163,0.90523255814,-1.32473602484,93.8598447205,0.167763975155,9.3422515528,0,3.04347826087,0,3.64851413043,26.397515528,0,0.0
6631.0,5343.0,1281,0,6,761,110,58,50,2,0,0,0,0,0,0,0,0,7,0,1.61104294479,1.8836805726,1.6864597137,4.17096018735,0.0,1730,1.35050741608,114.0,0.0889929742389,301.0,0.234972677596,183.0,0.142857142857,0.56,0.594067135051,0,0,4,12,9,0,0.00262467191601,0,0,0,93,0.0394404536862,0.0295576559546,0.931001890359,-1.78477751756,92.5820725995,0.345987509758,8.76695550351,0,3.55971896956,0,3.65055199063,23.4972677596,0,0.0
4118.0,3320.0,785,0,12,391,117,36,45,2,0,0,0,0,0,0,0,0,3,0,1.62396313364,1.91976451613,1.73807258065,4.22929936306,0.0,1094,1.39363057325,69.0,0.087898089172,177.0,0.225477707006,111.0,0.141401273885,0.55,0.482802547771,0,0,0,11,14,0,0.00510204081633,0,0,0,106,0.0467069892473,0.028561827957,0.924731182796,-1.51,88.9338535032,0.854840764331,9.11057324841,0,3.51592356688,0,3.65037910828,22.5477707006,0,0.0
2344.0,1876.0,440,0,27,196,97,34,5,0,0,0,0,0,0,0,0,0,0,0,1.55475409836,2.05427639344,1.69496688525,4.26363636364,0.0,532,1.20909090909,24.0,0.0545454545455,100.0,0.227272727273,66.0,0.15,0.29,0.406818181818,0,0,0,0,2,0,0.010152284264,0,0,0,87,0.074358974359,0.0288461538462,0.896794871795,-1.34827272727,104.545909091,-1.32272727273,9.31281818182,0,2.18181818182,0,3.64511272727,22.7272727273,0,0.0
6881.0,5600.0,1261,0,20,576,193,83,96,3,0,0,0,0,0,0,0,0,12,0,1.58475336323,1.9508073991,1.73690717489,4.44091990484,0.0,1796,1.42426645519,115.0,0.0911974623315,288.0,0.228390166534,199.0,0.157811260904,0.47,0.422680412371,0,0,2,15,18,0,0.00346620450607,0,0,0,163,0.0811801675978,0.0684357541899,0.850384078212,-0.513267248216,86.3420578906,1.21634417129,10.3570182395,0,3.64789849326,0,3.6509000793,22.8390166534,0,0.0
2268.0,1841.0,423,0,5,277,37,17,14,0,0,0,0,0,0,0,0,0,2,0,1.61094527363,1.92093383085,1.68938905473,4.35224586288,0.0,619,1.463356974,51.0,0.120567375887,119.0,0.281323877069,73.0,0.172576832151,0.66,0.63829787234,0,0,0,0,3,0,0.00719424460432,0,0,0,35,0.0406976744186,0.0218023255814,0.9375,-0.930921985816,83.035,1.67761229314,9.83472813239,0,4.82269503546,0,3.65553758865,28.1323877069,0,0.0
3552.0,2864.0,668,0,21,273,111,40,38,0,0,0,0,0,0,0,0,0,6,0,1.49737991266,1.90818427948,1.69604039301,4.2874251497,0.0,938,1.40419161677,56.0,0.0838323353293,179.0,0.267964071856,90.0,0.134730538922,0.52,0.329341317365,0,0,2,5,9,0,0.00729927007299,0,0,0,109,0.0713141025641,0.0677083333333,0.860977564103,-1.23622754491,88.0403892216,0.979461077844,9.45293413174,0,3.35329341317,0,3.64973712575,26.7964071856,0,0.0
5143.0,4120.0,1012,0,12,421,165,61,54,5,0,0,0,0,0,0,0,0,4,0,1.60030165913,1.88464434389,1.71416757164,4.07114624506,0.0,1354,1.33794466403,72.0,0.0711462450593,218.0,0.215415019763,141.0,0.139328063241,0.49,0.384387351779,1,0,2,4,2,0,0.00473933649289,0,0,0,143,0.065119760479,0.0758483033932,0.859031936128,-2.25490118577,93.6448814229,0.197747035573,8.1790513834,0,2.84584980237,0,3.64773399209,21.5415019763,0,0.0
3979.0,3268.0,691,0,21,390,74,30,39,1,0,0,0,0,0,0,0,0,1,0,1.61586206897,1.85368965517,1.77746275862,4.72937771346,0.0,1157,1.67438494935,129.0,0.186685962373,229.0,0.331403762663,147.0,0.212735166425,0.54,0.697539797395,0,0,1,3,3,0,0.00511508951407,0,0,0,64,0.0492902208202,0.022476340694,0.928233438486,0.845369030391,65.1820332851,4.16774240232,12.0560347323,0,7.46743849493,0,3.66597771346,33.1403762663,0,0.0
6602.0,5320.0,1263,0,20,625,173,64,67,3,0,0,0,0,0,0,0,0,1,0,1.53018867925,1.83234669811,1.70912783019,4.21219319082,0.0,1792,1.41884402217,144.0,0.114014251781,302.0,0.239113222486,196.0,0.155186064925,0.47,0.546318289786,0,0,1,16,6,0,0.00319488817891,0,0,0,125,0.0575044404973,0.0581705150977,0.884325044405,-1.59057007126,86.8007957245,1.1523594616,9.0098178939,0,4.56057007126,0,3.65450285036,23.9113222486,0,0.0
2840.0,2255.0,548,0,38,221,124,57,10,0,0,0,0,0,0,0,0,0,1,0,1.5065,2.04756275,1.7012475,4.11496350365,0.0,642,1.17153284672,26.0,0.0474452554745,119.0,0.217153284672,67.0,0.122262773723,0.26,0.363138686131,0,0,0,9,5,0,0.00900900900901,0,0,0,113,0.0656130268199,0.0268199233716,0.907567049808,-2.04852189781,107.723321168,-1.76591240876,8.4371350365,0,1.89781021898,0,3.64399160584,21.7153284672,0,0.0
4.0,4.0,1,0,0,1,0,0,0,0,0,0,0,0,0,0,0,0,0,0,0,0,0,4.0,0.0,2,2.0,0.0,0.0,0.0,0.0,0.0,0.0,1.00,1.0,0,0,0,0,0,0,0.0,0,0,0,0,0,0,0,-2.59,37.635,8.01,7.76,0,0.0,0,3.6365,0.0,0,0.0
2526.0,2062.0,457,0,8,215,63,33,25,2,0,0,0,0,0,0,0,0,3,0,1.53729372937,1.92605544554,1.68490594059,4.51203501094,0.0,698,1.52735229759,51.0,0.111597374179,120.0,0.262582056893,80.0,0.175054704595,0.68,0.527352297593,0,0,1,2,6,0,0.00925925925926,0,0,0,51,0.0598249027237,0.0510700389105,0.889105058366,-0.178315098468,77.6209956236,2.4327571116,10.7758862144,0,4.46389496718,0,3.65412122538,26.2582056893,0,0.0
2347.0,1944.0,398,0,6,221,54,17,24,0,0,0,0,0,0,0,0,0,1,0,1.65865384615,1.85173317308,1.73145961538,4.88442211055,0.0,640,1.60804020101,61.0,0.153266331658,141.0,0.354271356784,99.0,0.248743718593,0.68,0.640703517588,0,0,2,4,2,0,0.00900900900901,0,0,0,40,0.0454545454545,0.0710227272727,0.883522727273,1.5756281407,70.794798995,3.38487437186,12.9692462312,0,6.13065326633,0,3.66070075377,35.4271356784,0,0.0
4768.0,3800.0,943,0,26,381,163,57,67,3,0,0,0,0,0,0,0,0,2,0,1.53755656109,1.87832292609,1.70044962293,4.02969247084,0.0,1253,1.32873806999,74.0,0.0784729586426,204.0,0.216330858961,128.0,0.135737009544,0.48,0.374337221633,0,0,0,10,2,0,0.00523560209424,0,0,0,140,0.063512145749,0.0733805668016,0.863107287449,-2.45014846235,94.4237592789,0.0891092258749,7.93488865323,0,3.13891834571,0,3.64889088017,21.6330858961,0,0.0
2037.0,1674.0,364,0,0,191,53,16,28,1,0,0,0,0,0,0,0,0,1,0,1.48695652174,1.86159082126,1.72632077295,4.5989010989,0.0,549,1.50824175824,44.0,0.120879120879,118.0,0.324175824176,76.0,0.208791208791,0.60,0.601648351648,0,0,0,2,2,0,0.0104166666667,0,0,0,48,0.0466216216216,0.0351351351351,0.918243243243,0.230824175824,79.2377472527,2.20725274725,11.2875274725,0,4.83516483516,0,3.65558681319,32.4175824176,0,0.0